%YAML:1.0
---
reprojectionErrorLR: 2.7309548692854818e-01
imageSize: [ 640, 360 ]
K1: !!opencv-matrix
   rows: 3
   cols: 3
   dt: d
   data: [ 4.8610516899917451e+02, 0., 2.4760875167424015e+02, 0.,
       4.8630304775187938e+02, 2.1447914817490980e+02, 0., 0., 1. ]
K2: !!opencv-matrix
   rows: 3
   cols: 3
   dt: d
   data: [ 4.8445735881613331e+02, 0., 2.7204639716931285e+02, 0.,
       4.8430366796457440e+02, 2.1233808715566130e+02, 0., 0., 1. ]
D1: !!opencv-matrix
   rows: 1
   cols: 5
   dt: d
   data: [ 1.0811781281020096e-01, -1.4022465641707479e-01,
       3.4437006353133827e-04, -8.5413258056917397e-04, 0. ]
D2: !!opencv-matrix
   rows: 1
   cols: 5
   dt: d
   data: [ 9.4232478484657947e-02, -9.1328837797491735e-02,
       -2.6901601339183686e-04, -9.2688284893052328e-04, 0. ]
R: !!opencv-matrix
   rows: 3
   cols: 3
   dt: d
   data: [ 9.9996478172628156e-01, 2.5947564576999315e-04,
       -8.3885624214848978e-03, -2.6490697049517974e-04,
       9.9999975601939350e-01, -6.4636324957442445e-04,
       8.3883926593167658e-03, 6.4856267443446725e-04,
       9.9996460649117491e-01 ]
T: [ -6.0338254340704694e+01, -3.0583224483201027e-01,
    -5.9539269228611347e-01 ]
E: !!opencv-matrix
   rows: 3
   cols: 3
   dt: d
   data: [ -2.7231646318996859e-03, 5.9519419564320675e-01,
       -3.0620626031111275e-01, -8.9230753795751405e-02,
       3.8978649702596867e-02, 6.0341113246931734e+01,
       3.2180549811066356e-01, -6.0338160263321576e+01,
       3.6434937273029835e-02 ]
F: !!opencv-matrix
   rows: 3
   cols: 3
   dt: d
   data: [ -3.4590314704675840e-08, 7.5572284434979073e-06,
       -3.5030130494851830e-03, -1.1337909237824220e-06,
       4.9507210011675422e-07, 3.7287676713734641e-01,
       2.2304509874602292e-03, -3.7331276543344671e-01,
       9.9999999999999989e-01 ]
R1: !!opencv-matrix
   rows: 3
   cols: 3
   dt: d
   data: [ 9.9998468490930703e-01, 5.3341752685822155e-03,
       1.4753037105431320e-03, -5.3337358316285811e-03,
       9.9998573003700164e-01, -3.0163627647443870e-04,
       -1.4768916387798495e-03, 2.9376277662404853e-04,
       9.9999886624661660e-01 ]
R2: !!opencv-matrix
   rows: 3
   cols: 3
   dt: d
   data: [ 9.9993847558626592e-01, 5.0683174716266502e-03,
       9.8669752316342171e-03, -5.0715457488652678e-03,
       9.9998709397028118e-01, 3.0218634846161733e-04,
       -9.8653163118090498e-03, -3.5220857291384431e-04,
       9.9995127455451016e-01 ]
P1: !!opencv-matrix
   rows: 3
   cols: 4
   dt: d
   data: [ 4.8530335785822689e+02, 0., 2.5411099052429199e+02, 0., 0.,
       4.8530335785822689e+02, 2.1369447898864746e+02, 0., 0., 0., 1.,
       0. ]
P2: !!opencv-matrix
   rows: 3
   cols: 4
   dt: d
   data: [ 4.8530335785822689e+02, 0., 2.5411099052429199e+02,
       -2.9284159129569871e+04, 0., 4.8530335785822689e+02,
       2.1369447898864746e+02, 0., 0., 0., 1., 0. ]
Q: !!opencv-matrix
   rows: 4
   cols: 4
   dt: d
   data: [ 1., 0., 0., -2.5411099052429199e+02, 0., 1., 0.,
       -2.1369447898864746e+02, 0., 0., 0., 4.8530335785822689e+02, 0.,
       0., 1.6572214203281959e-02, 0. ]
board_width: 11
board_height: 8
squareSize: [ 30, 30 ]
