%YAML:1.0
---
reprojectionError: 2.8525502129242125e-01
imageSize: [ 640, 360 ]
K: !!opencv-matrix
   rows: 3
   cols: 3
   dt: d
   data: [ 4.8445735881613331e+02, 0., 2.7204639716931285e+02, 0.,
       4.8430366796457440e+02, 2.1233808715566130e+02, 0., 0., 1. ]
D: !!opencv-matrix
   rows: 1
   cols: 5
   dt: d
   data: [ 9.4232478484657947e-02, -9.1328837797491735e-02,
       -2.6901601339183686e-04, -9.2688284893052328e-04, 0. ]
board_width: 11
board_height: 8
squareSize: [ 30, 30 ]
