%YAML:1.0
---
reprojectionError: 2.2417691681670052e-01
imageSize: [ 640, 360 ]
K: !!opencv-matrix
   rows: 3
   cols: 3
   dt: d
   data: [ 4.8610516899917451e+02, 0., 2.4760875167424015e+02, 0.,
       4.8630304775187938e+02, 2.1447914817490980e+02, 0., 0., 1. ]
D: !!opencv-matrix
   rows: 1
   cols: 5
   dt: d
   data: [ 1.0811781281020096e-01, -1.4022465641707479e-01,
       3.4437006353133827e-04, -8.5413258056917397e-04, 0. ]
board_width: 11
board_height: 8
squareSize: [ 30, 30 ]
