%YAML:1.0
# ymlFileLR << "K1" << calibration->K_L;    // 相机1的内参
# ymlFileLR << "K2" << calibration->K_R;    // 相机2的内参
# ymlFileLR << "D1" << calibration->D_L;    // 相机1的畸变系数
# ymlFileLR << "D2" << calibration->D_R;    // 相机2的畸变系数
# ymlFileLR << "R" << calibration->R;      // 12相机坐标系之间的旋转矩阵
# ymlFileLR << "T" << calibration->T;      // 12相机坐标系之间的平移向量
# ymlFileLR << "E" << calibration->E;      // 本质矩阵E
# ymlFileLR << "F" << calibration->F;      // 基础矩阵F
# ymlFileLR << "R1" << calibration->R_L;    // 第一个摄像机的校正变换矩阵（旋转变换）
# ymlFileLR << "R2" << calibration->R_R;    // 第二个摄像机的校正变换矩阵（旋转变换）
# ymlFileLR << "P1" << calibration->P_L;    // 第一个摄像机在新坐标系下的投影矩阵
# ymlFileLR << "P2" << calibration->P_R;    // 第二个摄像机在想坐标系下的投影矩阵
# ymlFileLR << "Q" << calibration->Q;      // 4*4的深度差异映射矩阵
---
reprojectionErrorLR: 4.3933242094069397e-01
imageSize: [1280, 720]
K1: !!opencv-matrix
  rows: 3
  cols: 3
  dt: d
  data:
    [
      7.3223006141460337e+02,
      0.,
      5.3484693635503641e+02,
      0.,
      7.3023289093625681e+02,
      3.1336151653585779e+02,
      0.,
      0.,
      1.,
    ]
K2: !!opencv-matrix
  rows: 3
  cols: 3
  dt: d
  data:
    [
      7.2395979514484441e+02,
      0.,
      5.7071925757539827e+02,
      0.,
      7.2227915661082932e+02,
      3.1228451682425123e+02,
      0.,
      0.,
      1.,
    ]
D1: !!opencv-matrix
  rows: 1
  cols: 5
  dt: d
  data:
    [
      9.8938782132853897e-02,
      -1.3608306709650939e-01,
      -3.6570354085501327e-04,
      1.7043283334242541e-03,
      0.,
    ]
D2: !!opencv-matrix
  rows: 1
  cols: 5
  dt: d
  data:
    [
      1.1602962694124953e-01,
      -1.6817803137161144e-01,
      -2.4614382264178396e-03,
      1.4179435520082597e-03,
      0.,
    ]
R: !!opencv-matrix
  rows: 3
  cols: 3
  dt: d
  data:
    [
      9.9995951704354136e-01,
      2.6425698758054294e-04,
      -8.9941337710791221e-03,
      -2.9816116108150357e-04,
      9.9999285489671019e-01,
      -3.7684553134085747e-03,
      8.9930736664153715e-03,
      3.7709844565643131e-03,
      9.9995245102067665e-01,
    ]
T: [-6.0227066019770128e+01, -2.5285760094816969e-03, -1.9512365863192995e+00]
E: !!opencv-matrix
  rows: 3
  cols: 3
  dt: d
  data:
    [
      -6.0452263644607132e-04,
      1.9512131093115186e+00,
      -9.8816036597054770e-03,
      -1.4095311530656804e+00,
      2.2659970192266818e-01,
      6.0241751967129623e+01,
      2.0485845578236232e-02,
      -6.0226635022968701e+01,
      2.2694026460233213e-01,
    ]
F: !!opencv-matrix
  rows: 3
  cols: 3
  dt: d
  data:
    [
      -4.1459043624214036e-09,
      1.3418302591602573e-05,
      -4.2521850744865128e-03,
      -9.6892632839578677e-06,
      1.5619300363612372e-06,
      3.0791518601149487e-01,
      3.1298857205085840e-03,
      -3.0799023740740344e-01,
      1.,
    ]
R1: !!opencv-matrix
  rows: 3
  cols: 3
  dt: d
  data:
    [
      9.9972632723740806e-01,
      4.2818843475857525e-04,
      2.3389897029857561e-02,
      -3.8423817122129654e-04,
      9.9999815241225898e-01,
      -1.8834896060950042e-03,
      -2.3390660303436863e-02,
      1.8739868550313825e-03,
      9.9972464468164257e-01,
    ]
R2: !!opencv-matrix
  rows: 3
  cols: 3
  dt: d
  data:
    [
      9.9947559664903951e-01,
      4.1962031072884434e-05,
      3.2381012063160117e-02,
      -1.0302575930791507e-04,
      9.9999821973348346e-01,
      1.8841219590737290e-03,
      -3.2380875354744376e-02,
      -1.8864699975597401e-03,
      9.9947382163927079e-01,
    ]
P1: !!opencv-matrix
  rows: 3
  cols: 4
  dt: d
  data:
    [
      7.2625602377354312e+02,
      0.,
      9.2570473480224609e+02,
      0.,
      0.,
      7.2625602377354312e+02,
      1.2613072967529297e+02,
      0.,
      0.,
      0.,
      1.,
      0.,
    ]
P2: !!opencv-matrix
  rows: 3
  cols: 4
  dt: d
  data:
    [
      7.2625602377354312e+02,
      0.,
      9.2570473480224609e+02,
      -4.3763219069793951e+04,
      0.,
      7.2625602377354312e+02,
      1.2613072967529297e+02,
      0.,
      0.,
      0.,
      1.,
      0.,
    ]
Q: !!opencv-matrix
  rows: 4
  cols: 4
  dt: d
  data:
    [
      1.,
      0.,
      0.,
      -9.2570473480224609e+02,
      0.,
      1.,
      0.,
      -1.2613072967529297e+02,
      0.,
      0.,
      0.,
      7.2625602377354312e+02,
      0.,
      0.,
      1.6595123466930161e-02,
      0.,
    ]
board_width: 11
board_height: 8
squareSize: [30, 30]
